0.132787
0.0513666
0.0121813
0.0152299
0.0140425
0.0162412
0.0167586
0.0162484
0.0142761
0.0155693
0.010979
0.0168903
0.017065
0.0188445
0.0149866
0.0179082
0.0188811
0.0209465
0.017742
0.0148527
0.0173251
0.0172662
0.0182931
0.0197996
0.0143471
0.017364
0.0148505
0.017638
0.0185163
0.019155
0.0186119
0.0157907
0.016394
0.0147624
0.0183457
0.0168107
0.0149124
0.0196695
0.0189935
0.018768
0.0208022
0.0146941
0.0133951
0.0208639
0.0149099
0.0199835
0.0144547
0.0179356
0.0141931
0.0186208
0.0210703
0.0191594
0.0150075
0.0150453
0.0198089
0.0153529
0.0188101
0.020822
0.014872
0.0195988
0.0216437
0.0145635
0.0204691
0.0192673
0.0197443
0.0201931
0.0212446
0.0206171
0.0150002
0.0203189
0.0213459
0.0145409
0.0191282
0.0178413
0.0197729
0.0203776
0.0179841
0.0189699
0.0133256
0.0168122
0.0218835
0.0179097
0.0185238
0.0147561
0.0190754
0.0132121
0.0203252
0.014233
0.0202795
0.016696
0.0140656
0.0208389
0.0135683
0.0246412
0.0212499
0.0147485
0.0222908
0.0217193
0.0236667
0.0149189
0.0201666
0.0228457
0.0172316
0.0224847
0.0198882
0.0215148
0.0174875
0.0227526
0.0158698
0.0239666
0.0153174
0.0156921
0.0261581
0.0211848
0.0153184
0.0161235
0.0280964
0.0177695
0.0243369
0.0186707
0.0268169
0.017225
0.0255534
0.0194208
0.0257837
0.0186525
0.023853
0.0169664
0.0256645
0.0165693
0.0270253
0.0158137
0.0164729
0.0167089
0.0157968
0.0159532
0.0168615
0.0159017
0.0156785
0.0159214
0.0158041
0.0165111
0.0173773
0.0161162
0.017564
0.0177429
0.0177362
0.0187338
0.0190098
0.0186966
0.0200755
0.0281231
0.0211834
0.0221599
0.0208443
0.0273741
0.0292249
0.0281774
0.0323403
0.0243009
0.0248422
0.024978
0.0276612
0.0264448
0.0254398
0.0280056
0.0286007
0.0239768
0.0234087
0.0258121
0.0245238
0.026454
0.0266632
0.0211574
0.0224101
0.0250953
0.0216394
0.0222739
0.0193
0.016946
0.027703
0.0201112
0.0212653
0.0174931
0.0159843
0.0167833
0.0162882
0.0178284
0.0189205
0.0170376
0.0164414
0.0152094
0.0188992
0.0186338
0.0185868
0.0173016
0.0172675
0.0170106
0.0286054
0.0170787
0.0242883
0.0184443
0.0257102
0.0210571
0.0237889
0.0195095
0.0279108
0.0274326
0.0217596
0.0255421
0.0268058
0.0220705
0.0285179
0.0194832
0.0258915
0.0319411
0.0202947
0.0253919
0.0196134
0.0308145
0.0189201
0.0328532
0.0226405
0.0301705
0.0237238
0.0222571
0.0247682
0.0194196
0.0281698
0.0332184
0.0214652
0.0283522
0.0179381
0.0284183
0.0186387
0.0189112
0.0170266
0.0248938
0.0186436
0.0270265
0.0185629
0.0345255
0.0262984
0.0200806
0.0282687
0.0243644
0.0243978
0.0276275
0.0265019
0.0301254
0.0290524
0.0254545
0.025269
0.0251882
0.025722
0.0221749
0.0200404
0.023711
0.0236713
0.0248428
0.0270734
0.0202212
0.0237647
0.0248995
0.0218257
0.0233865
0.0249009
0.0261481
0.0250377
0.0181743
0.0287791
0.0253982
0.020095
0.0253451
0.0182391
0.026061
0.031267
0.0260314
0.0247375
0.0246795
0.0271019
0.0262623
0.0234458
0.0253255
0.0264886
0.0319055
0.025719
0.0223518
0.0257499
0.0256983
0.0252616
0.0254351
0.0186839
0.0268455
0.0243777
0.0252259
0.0213555
0.0250585
0.018351
0.0286457
0.0308377
0.0214493
0.0259317
0.0287032
0.0221027
0.0235704
0.0194882
0.0246175
0.0241747
0.0192334
0.0227119
0.0231607
0.0187083
0.0253643
0.02292
0.0273736
0.0250466
0.0241616
0.0250434
0.0192688
0.0254482
0.019754
0.0289435
0.020593
0.025242
0.0180615
0.0257018
0.0234536
0.0234052
0.0243504
0.0239302
0.0249451
0.0243561
0.0274646
0.0242213
0.0241829
0.0241313
0.0227575
0.0183582
0.0170582
0.0226522
0.0170187
0.0299976
0.0243629
0.0226894
0.0276805
0.0235944
0.0267419
0.0273261
0.0270433
0.0250025
0.0196065
0.0197835
0.0288409
0.0231197
0.0229029
0.0256799
0.0260131
0.0235521
0.0280095
0.0257989
0.0239628
0.0236154
0.0247014
0.0247095
0.0219003
0.0231919
0.0216352
0.0247161
0.0257797
0.0228999
0.0217972
0.0307848
0.0249655
0.018693
0.0251898
0.0222322
0.0278385
0.019783
0.0206251
0.0226181
0.0236349
0.0203794
0.019269
0.0183709
0.0253508
0.024604
0.0198819
0.0253891
0.0189292
0.026556
0.0192584
0.0243205
0.0171248
0.0248368
0.0188651
0.0257257
0.0220014
0.0272442
0.0242223
0.0257199
0.0254259
0.0197692
0.022513
0.0241457
0.0203429
0.0243058
0.0233375
0.0207676
0.0220492
0.0194582
0.0214583
0.0232568
0.0188704
0.0220765
0.0204734
0.0201034
0.0249989
0.0247965
0.0169363
0.0190244
0.0270242
0.0180077
0.0248721
0.0201006
0.018769
0.021459
0.0243149
0.0270569
0.0238406
0.0251094
0.0219071
0.0264919
0.0249205
0.0180554
0.0260261
0.0213827
0.0249282
